4
0
0
0
0
2
6
9
0
0
10
12
13
15
0
14
9
0
2
10
5
0
4
0
13
0
0
16
6
7
0
0
0
15
11
7
12
14
0
16
0
0
3
0
4
0
9
0
0
0
12
13
7
10
0
15
6
0
4
9
0
0
3
5
2
4
0
6
0
13
0
0
0
7
0
8
0
0
0
0
0
5
7
8
0
0
10
0
0
0
0
14
0
6
0
0
10
9
0
11
2
0
0
14
0
12
16
6
7
0
8
1
12
14
0
0
8
6
0
7
0
0
0
0
0
0
5
2
5
2
0
0
10
7
12
0
1
3
0
4
0
0
15
0
0
0
0
15
11
0
14
0
12
0
0
0
5
0
0
0
0
6
16
14
0
4
0
0
0
0
5
0
12
13
0
0
0
0
10
12
15
5
0
3
14
0
0
0
8
0
0
0
0
0
0
1
14
12
15
2
0
9
13
0
0
0
7
0
13
7
0
2
16
0
0
10
0
0
0
11
15
12
1
0
0
0
0
4
6
0
0
0
0
2
0
1
10
0
13
8
15
12
0
0
0
0
1
0
8
0
0
10
2
14
0
0
