0
1
4
9
0
0
6
8
7
0
11
0
13
14
16
0
0
13
2
14
0
1
3
9
5
0
0
0
0
0
0
0
12
5
15
0
7
13
0
0
2
0
0
8
6
0
0
9
10
8
0
0
0
0
0
0
3
0
13
0
0
0
0
0
1
0
0
0
3
5
9
15
8
12
7
0
10
0
0
16
5
3
8
10
1
4
0
7
0
0
16
0
0
15
0
0
9
0
13
0
6
0
0
0
10
0
0
15
5
0
0
3
0
0
0
0
0
0
0
16
0
0
3
4
7
1
8
6
2
0
0
0
9
14
0
12
1
0
0
10
15
7
0
0
4
9
10
12
0
0
0
0
0
7
0
5
14
6
11
1
0
0
0
13
10
0
0
0
0
0
12
6
0
0
3
0
0
16
11
0
0
0
1
0
0
3
0
0
0
8
5
0
0
0
0
0
0
9
2
0
0
15
5
0
0
0
1
0
14
11
9
0
0
15
7
4
0
8
0
1
0
5
0
0
0
15
5
1
8
11
10
6
0
0
4
2
3
16
12
0
16
4
0
0
0
3
0
1
0
13
6
0
9
0
0
8
