0
6
13
12
1
5
2
0
0
7
10
8
0
0
16
15
11
0
16
14
4
6
0
0
1
0
0
15
0
10
12
13
0
7
0
0
0
0
11
0
0
0
13
0
1
0
6
0
8
0
0
1
13
15
16
14
0
0
12
0
0
0
0
5
1
3
0
0
10
0
13
0
7
8
0
0
0
16
0
0
0
0
5
11
7
0
9
0
12
16
15
0
0
13
0
0
0
0
12
0
0
0
0
16
0
0
11
13
5
0
2
0
0
14
0
16
12
3
8
11
0
4
2
0
7
6
0
0
3
1
0
0
15
0
10
13
2
0
14
0
0
12
0
11
4
0
0
0
0
16
3
0
13
0
0
0
0
9
14
7
12
16
9
15
11
1
14
0
0
0
0
0
0
5
0
2
0
13
14
0
0
0
0
4
9
3
0
11
0
15
1
0
6
0
0
3
16
0
0
15
0
0
7
0
0
14
0
0
14
0
7
4
0
0
0
0
16
0
0
3
0
2
15
10
0
12
0
13
14
0
0
10
0
9
0
0
3
0
0
4
5
0
0
0
0
7
0
2
0
0
0
10
6
1
13
0
