0
0
14
13
1
3
0
4
6
0
0
0
0
0
12
15
7
1
16
0
5
0
0
0
0
2
12
0
3
0
0
14
3
10
0
11
0
9
13
14
1
5
15
16
0
0
0
0
4
2
6
0
0
0
0
15
0
3
0
14
7
1
10
5
1
3
2
4
0
13
0
12
5
6
0
0
10
0
0
16
0
7
8
12
14
10
6
9
11
1
0
0
2
4
15
13
6
9
11
0
3
2
0
0
7
15
10
0
0
0
0
0
10
13
15
16
0
11
5
0
0
14
0
0
0
0
0
0
0
4
7
0
10
14
0
0
0
11
0
0
15
0
16
1
0
0
0
0
0
16
0
13
0
9
0
0
0
0
5
6
12
0
0
0
0
7
0
6
0
0
0
1
9
8
0
4
0
0
10
0
0
0
0
0
0
0
0
15
0
11
0
0
0
6
0
0
0
4
14
0
15
10
0
5
0
0
0
0
13
0
0
2
0
5
9
3
16
12
0
0
1
0
14
0
0
12
0
1
0
0
0
0
0
4
3
9
16
0
6
0
0
14
0
10
0
0
1
11
0
0
0
0
5
0
4
3
