0
0
0
10
3
0
0
8
7
11
9
0
13
0
15
0
3
14
15
13
0
2
0
9
6
0
8
16
7
10
0
12
0
0
12
9
7
10
16
14
3
1
0
0
0
5
0
4
6
0
7
0
0
13
0
15
5
2
14
0
0
0
9
0
0
0
0
0
0
11
4
1
10
0
13
0
0
15
16
0
4
0
0
0
0
12
0
7
0
0
0
5
10
0
0
0
0
9
0
0
6
0
0
13
11
0
1
0
3
0
0
5
12
0
13
0
10
0
0
16
14
0
3
4
6
0
0
7
8
0
2
0
12
0
7
0
0
9
0
0
0
0
10
15
0
6
0
12
0
15
0
10
4
0
16
0
0
0
14
0
13
15
9
11
14
0
8
4
0
0
12
0
0
0
3
0
0
0
16
7
0
0
0
3
8
0
0
15
4
6
0
9
9
0
0
6
13
0
1
0
16
14
0
0
0
0
7
10
10
0
0
0
15
0
0
6
9
0
7
0
14
0
1
13
16
0
0
1
4
0
0
5
0
0
10
3
9
2
0
0
0
0
0
8
16
0
0
0
0
0
0
1
0
12
5
0
