0
0
0
2
0
5
6
0
0
0
10
12
13
0
0
16
0
0
7
6
0
2
0
0
13
0
0
16
0
0
12
9
16
15
0
0
9
0
0
11
0
2
0
0
3
6
0
7
0
0
14
5
12
15
0
0
3
0
9
6
1
10
2
11
1
0
0
7
2
10
0
0
0
11
0
0
12
13
9
0
2
5
0
10
6
0
0
13
4
0
7
15
0
0
16
14
6
0
0
0
8
0
0
0
9
13
0
0
10
2
3
5
0
0
0
0
14
0
0
0
2
0
5
0
0
8
0
4
0
0
0
0
0
12
11
0
0
5
1
9
15
16
4
0
5
7
0
4
0
16
0
15
0
6
0
0
0
0
1
10
12
14
0
15
5
9
0
10
16
4
0
7
8
11
0
3
11
0
0
0
3
4
0
0
0
14
12
0
7
9
5
2
7
4
1
11
0
6
5
0
14
0
13
8
0
3
10
12
0
0
2
0
16
0
0
9
12
0
0
11
0
0
15
8
8
0
0
12
0
0
0
0
0
0
15
2
16
14
11
1
15
16
10
0
11
8
0
0
0
1
0
0
2
0
13
0
