
5 7 4 3 1 2 8 6 9 
1 8 3 5 6 9 2 4 7 
2 9 6 4 7 8 1 3 5 
3 1 2 7 4 6 5 9 8 
7 4 9 8 2 5 3 1 6 
8 6 5 1 9 3 4 7 2 
4 2 7 6 8 1 9 5 3 
6 3 8 9 5 4 7 2 1 
9 5 1 2 3 7 6 8 4 
Time taken by Parallel Solver: 0.001251

5 7 4 9 1 3 2 6 8 
1 8 3 5 6 2 4 7 9 
2 9 6 4 7 8 1 3 5 
3 1 2 7 9 6 5 8 4 
7 4 9 8 2 5 3 1 6 
8 6 5 1 3 4 7 9 2 
4 2 7 3 8 9 6 5 1 
6 3 8 2 5 1 9 4 7 
9 5 1 6 4 7 8 2 3 
Time taken by Parallel Solver: 0.000557

5 7 4 3 1 2 8 6 9 
1 8 3 5 6 9 2 4 7 
2 9 6 4 7 8 1 3 5 
3 1 2 7 4 6 5 9 8 
7 4 9 8 2 5 3 1 6 
8 6 5 1 9 3 4 7 2 
4 2 7 6 8 1 9 5 3 
6 3 8 9 5 4 7 2 1 
9 5 1 2 3 7 6 8 4 
Time taken by Parallel Solver: 0.000284

5 7 4 3 1 2 8 6 9 
1 8 3 5 6 9 2 4 7 
2 9 6 4 7 8 1 3 5 
3 1 2 7 4 6 5 9 8 
7 4 9 8 2 5 3 1 6 
8 6 5 1 9 3 4 7 2 
4 2 7 6 8 1 9 5 3 
6 3 8 9 5 4 7 2 1 
9 5 1 2 3 7 6 8 4 
Time taken by Parallel Solver: 0.000134

5 7 4 3 1 2 8 6 9 
1 8 3 5 6 9 2 4 7 
2 9 6 4 7 8 1 3 5 
3 1 2 7 4 6 5 9 8 
7 4 9 8 2 5 3 1 6 
8 6 5 1 9 3 4 7 2 
4 2 7 6 8 1 9 5 3 
6 3 8 9 5 4 7 2 1 
9 5 1 2 3 7 6 8 4 
Time taken by Parallel Solver: 0.000088
