
4 8 9 3 1 7 2 5 6 10 11 12 13 14 15 16 
16 13 11 7 6 4 3 8 1 2 14 15 9 10 5 12 
5 15 6 10 9 12 11 14 3 4 16 13 1 2 7 8 
14 2 1 12 10 13 15 16 7 5 9 8 4 3 11 6 
9 3 5 6 4 1 8 7 2 16 12 10 11 13 14 15 
1 4 7 8 12 2 14 13 11 3 15 5 6 9 16 10 
12 11 10 13 15 5 16 3 14 9 6 1 7 4 8 2 
2 14 15 16 11 6 10 9 8 7 13 4 12 5 1 3 
3 1 2 4 16 8 6 15 5 11 7 14 10 12 9 13 
7 5 8 9 3 10 1 12 15 13 2 6 16 11 4 14 
6 12 16 11 5 14 13 2 4 8 10 9 15 7 3 1 
13 10 14 15 7 9 4 11 12 1 3 16 2 8 6 5 
11 7 3 1 13 15 9 10 16 14 5 2 8 6 12 4 
10 6 13 14 8 3 12 1 9 15 4 11 5 16 2 7 
15 9 12 5 2 16 7 4 13 6 8 3 14 1 10 11 
8 16 4 2 14 11 5 6 10 12 1 7 3 15 13 9 
Time taken by Serial Solver: 13.437537
