15
5
0
0
0
0
3
0
0
0
9
10
0
0
0
0
0
13
0
0
0
0
0
0
1
0
0
0
3
0
0
0
0
0
0
10
9
0
0
0
0
0
0
0
2
0
0
0
0
12
0
2
13
0
0
0
4
0
6
0
0
0
0
9
1
2
0
0
0
0
0
0
9
0
0
0
0
0
0
15
0
3
0
0
0
9
2
11
15
0
0
0
0
1
0
0
11
0
12
0
10
16
0
8
0
0
0
4
0
0
0
0
0
0
16
0
0
0
0
0
0
3
11
0
0
2
0
8
0
0
0
0
0
0
0
0
10
12
0
0
0
0
0
0
0
10
3
0
2
0
0
13
0
0
0
0
0
0
0
0
6
0
0
0
3
0
11
0
2
0
7
0
0
0
0
0
0
16
0
11
0
0
7
10
0
4
0
0
8
0
0
0
0
0
2
0
0
0
0
9
0
0
15
0
0
0
0
0
13
0
0
8
0
0
4
5
14
0
0
2
0
0
0
0
0
0
0
0
0
0
0
0
0
0
0
5
9
8
2
6
4
11
0
14
0
0
0
0
8
0
0
7
13
16
0
0
