5
6
0
0
1
2
3
0
8
0
0
0
12
0
14
15
0
0
0
0
0
5
0
0
1
0
0
13
0
0
0
0
0
0
0
11
0
0
16
0
0
2
0
0
5
0
0
8
7
0
8
0
0
15
0
0
0
0
0
12
2
0
0
0
0
0
5
0
0
4
12
0
0
0
0
11
0
0
0
0
0
0
0
0
0
0
0
0
0
0
0
0
0
0
0
0
0
0
0
0
2
0
0
5
3
0
0
16
0
0
0
1
0
15
13
0
0
0
0
0
0
0
0
4
8
11
3
0
0
0
0
5
8
0
9
0
0
16
0
14
0
10
15
7
0
0
7
6
0
0
0
0
2
0
0
0
0
16
0
0
0
16
0
0
5
0
0
0
13
0
9
3
11
4
0
0
0
0
12
13
0
0
0
10
0
0
0
0
0
8
5
2
6
0
0
7
0
12
0
0
0
0
4
0
14
0
0
0
11
0
0
0
16
0
0
0
0
0
0
0
0
0
0
0
0
0
0
10
0
0
14
0
0
1
0
0
0
0
0
11
0
14
0
0
15
0
0
0
0
0
5
0
0
0
0
0
