0
12
0
0
2
3
4
0
0
0
0
0
0
0
0
0
6
0
5
0
0
0
9
8
0
0
0
0
11
0
4
0
0
0
16
0
0
0
14
0
0
0
3
0
0
7
0
0
0
0
14
0
0
0
15
16
0
4
0
0
0
0
0
10
1
0
0
5
0
0
16
0
0
6
0
0
0
0
11
13
0
0
8
10
4
0
13
0
9
12
0
0
0
1
0
0
9
11
13
0
0
0
12
0
16
0
15
0
0
4
0
8
0
0
0
0
0
0
0
0
0
14
0
0
0
9
10
0
0
0
3
0
0
0
0
0
0
16
0
0
0
0
14
0
5
0
0
0
0
2
0
0
0
0
0
0
0
6
0
3
14
0
0
15
12
0
0
0
0
0
0
13
0
0
0
0
0
0
0
0
8
0
0
0
0
7
0
10
2
0
0
0
0
0
0
0
0
0
0
0
8
0
0
0
4
10
0
0
16
0
0
13
15
0
0
0
0
1
2
0
3
11
0
7
8
9
2
0
0
0
7
0
0
10
0
0
0
0
0
0
15
14
0
0
0
0
0
0
0
0
0
0
0
0
0
0
