0
5
0
0
0
0
0
0
7
9
10
0
0
12
0
0
6
0
0
0
0
0
8
0
0
15
16
12
0
10
11
13
0
0
0
16
9
10
0
12
1
2
3
14
5
6
0
7
3
7
12
10
11
15
16
0
5
6
0
0
0
0
0
9
0
0
5
6
4
0
0
0
8
7
0
9
15
0
16
0
0
0
0
7
0
2
0
0
0
0
0
0
0
0
6
0
9
0
0
0
13
0
7
0
12
0
15
0
0
0
0
0
12
0
0
0
0
0
0
8
0
0
0
6
0
0
1
5
4
0
0
2
5
7
10
0
14
13
11
8
16
15
12
6
0
0
8
0
3
13
0
0
6
0
9
0
10
4
14
2
13
0
6
9
0
0
14
0
10
0
0
7
11
0
0
0
0
16
0
0
6
0
11
0
0
0
2
15
0
0
0
8
14
9
1
0
0
0
2
0
0
11
0
0
0
0
5
0
5
6
0
0
0
0
0
0
9
8
0
0
12
0
0
0
16
2
0
0
0
0
5
0
15
0
0
10
0
1
0
0
0
12
10
8
7
0
6
1
0
0
5
3
0
0
0
4
