0
14
0
0
0
0
0
6
8
10
9
0
0
15
13
0
0
0
0
13
2
0
7
0
1
0
15
0
0
9
0
12
6
0
12
0
0
10
0
16
2
0
13
14
1
5
7
0
0
8
16
9
0
0
0
14
0
0
0
0
0
2
0
0
0
0
3
0
0
0
8
15
0
0
0
0
7
0
0
14
0
9
8
0
0
7
6
11
0
14
0
2
12
4
0
0
0
0
13
0
14
16
4
0
9
0
0
15
8
0
2
0
0
15
0
16
0
13
0
2
11
7
0
4
9
0
0
0
0
0
1
0
0
0
16
0
4
13
0
7
0
14
0
9
4
0
0
14
15
5
0
13
0
12
10
0
0
8
0
0
0
10
15
6
0
4
0
0
16
0
0
0
0
0
5
2
13
0
0
0
0
8
2
0
0
15
0
11
0
0
4
0
14
7
0
0
0
0
0
0
0
0
0
10
5
13
0
0
9
0
0
1
0
6
13
4
14
16
3
5
0
0
0
0
0
0
0
2
0
14
10
0
0
0
0
0
3
6
16
4
0
11
6
0
0
15
0
0
13
0
0
0
14
10
12
7
