8
0
0
0
1
0
0
0
0
0
0
11
0
0
0
16
0
14
0
0
7
2
5
12
3
0
0
0
0
0
8
0
0
0
12
16
0
9
10
11
4
6
15
14
0
7
2
5
0
0
0
1
0
0
0
0
2
0
0
0
0
0
11
0
1
0
0
4
0
0
0
13
5
9
0
6
12
10
0
0
5
7
9
0
0
0
0
8
0
10
16
12
0
13
0
15
6
8
13
12
0
0
0
16
0
0
1
4
9
0
5
0
0
0
0
0
5
0
0
0
13
2
11
8
0
0
0
0
4
1
0
0
0
0
0
0
7
8
12
2
15
16
10
3
0
0
0
15
0
0
12
5
0
4
0
0
14
0
0
2
2
16
8
3
0
15
6
0
10
0
9
5
0
12
0
0
0
10
0
13
0
0
0
0
0
16
0
0
5
0
0
4
0
0
0
0
0
0
0
4
0
15
0
10
0
0
0
13
16
0
0
7
12
8
2
10
0
0
14
0
3
0
0
11
0
0
0
2
0
0
14
3
8
0
0
0
0
0
9
0
14
12
0
9
0
7
13
1
0
0
0
3
0
2
4
6
