0
8
0
0
0
0
2
0
0
10
11
12
13
14
0
0
16
0
11
0
6
0
0
0
0
2
14
0
9
10
5
0
0
15
0
0
9
0
0
0
3
4
0
0
0
2
7
8
14
2
0
0
10
0
0
0
7
0
0
0
4
0
11
6
0
0
0
6
0
0
0
7
0
0
12
10
0
0
14
15
1
4
0
8
0
0
14
13
0
0
0
0
6
9
0
10
0
0
0
0
0
5
0
3
14
0
6
0
7
0
0
2
0
0
0
0
11
6
0
9
0
7
0
4
0
0
0
3
0
1
0
4
0
0
6
15
5
0
7
14
0
0
0
0
0
0
8
9
3
0
1
12
0
0
2
6
0
11
0
0
6
12
0
11
5
0
13
0
0
8
10
0
0
7
3
1
13
10
14
0
0
9
4
11
12
0
0
0
2
8
6
0
11
7
3
1
13
0
9
10
16
0
0
2
8
0
12
0
0
0
0
0
0
0
0
0
9
0
4
0
5
0
0
7
15
9
0
0
2
0
0
0
13
6
0
0
14
0
10
0
8
0
0
0
0
0
0
0
10
12
1
0
0
0
0
0
