11
0
12
8
1
2
0
5
0
0
0
0
0
13
0
0
3
0
4
0
7
6
9
0
11
1
0
13
0
5
0
0
0
0
9
5
0
0
14
11
0
2
0
0
0
0
0
0
0
0
0
0
0
13
15
0
0
5
0
8
0
7
0
0
1
3
5
4
0
11
0
0
6
7
12
9
16
0
10
0
2
8
0
0
6
0
0
7
0
16
3
4
0
15
0
14
7
0
0
14
0
16
8
0
15
0
1
0
0
0
0
0
12
11
15
0
0
0
0
4
0
10
2
0
0
0
0
0
4
0
0
0
5
0
0
0
1
9
0
0
0
0
13
0
0
1
0
0
14
4
16
0
0
0
0
11
0
10
0
0
0
0
0
12
8
7
0
0
0
0
0
3
0
11
0
0
5
0
14
15
0
0
11
0
10
0
8
16
0
6
4
0
10
0
0
3
0
14
5
6
7
0
15
12
0
0
16
9
15
5
0
2
16
0
0
12
9
0
0
10
13
14
0
0
0
0
7
13
0
0
0
3
16
0
0
1
0
0
6
0
16
12
0
6
0
0
7
10
14
0
0
2
0
0
11
0
