5
1
0
14
0
2
4
6
8
7
9
10
12
0
13
16
9
0
0
0
0
5
10
11
2
0
0
16
4
3
14
0
3
16
0
10
7
13
8
0
1
0
0
0
5
2
9
11
4
2
15
0
0
9
0
16
3
0
11
0
1
8
10
0
0
0
0
6
0
8
0
1
9
11
0
13
14
16
12
0
0
3
7
8
9
16
0
4
12
0
14
0
10
13
2
5
0
0
14
0
5
6
0
0
4
16
0
0
0
0
3
8
11
12
13
16
0
0
15
14
5
0
10
8
0
1
0
0
0
5
0
2
0
3
16
7
10
4
13
9
15
0
0
0
8
10
12
4
14
15
1
13
0
2
3
11
0
6
5
9
14
0
3
7
0
0
5
9
0
0
16
0
0
10
1
0
13
11
16
9
6
10
12
2
15
14
1
5
0
0
0
3
0
6
9
0
13
0
2
10
14
15
8
4
0
0
16
0
12
13
4
0
15
14
0
5
0
1
6
0
0
7
0
10
0
8
10
1
11
0
7
0
13
0
0
0
6
0
15
0
15
14
2
5
0
1
6
0
11
10
0
7
0
9
4
13
