2
13
0
7
3
0
0
8
0
10
9
11
12
0
0
15
16
11
6
14
2
5
7
0
0
3
0
12
4
8
13
9
1
0
8
3
6
0
0
12
0
13
14
16
2
5
7
10
12
4
0
9
13
0
0
15
2
5
7
8
0
0
3
11
3
1
0
4
11
7
0
0
8
12
5
0
14
10
0
0
0
6
0
0
0
0
2
14
3
15
0
13
0
11
1
0
8
9
12
0
0
16
0
0
7
0
0
14
13
0
6
4
11
0
13
16
1
0
15
0
0
4
2
6
0
3
0
7
4
2
0
0
12
8
10
3
13
0
0
7
15
9
16
14
6
7
11
0
4
0
14
16
15
0
0
3
0
13
0
1
0
3
14
12
7
0
6
0
0
16
1
10
11
4
0
0
10
16
15
13
5
11
0
1
14
2
8
0
0
0
0
0
7
0
3
2
0
0
8
4
11
14
13
0
1
0
9
6
14
8
0
0
15
13
12
0
0
6
0
2
0
7
0
5
0
0
9
6
14
3
1
7
0
0
4
5
0
15
11
2
15
12
0
11
0
6
5
2
16
0
3
0
0
14
0
13
