0
12
0
0
0
1
5
0
6
8
0
10
0
14
13
16
14
6
0
0
10
2
3
8
1
11
16
13
4
5
12
0
0
0
11
16
6
0
14
9
0
2
0
15
0
3
0
8
8
1
0
5
0
13
15
0
7
0
12
0
0
9
2
10
1
2
5
3
0
16
13
0
9
4
6
11
0
10
15
7
7
8
0
10
3
11
4
0
0
15
14
0
0
0
16
13
0
11
0
13
1
0
10
14
0
0
7
0
0
8
3
0
6
14
0
0
2
0
0
15
0
13
3
8
9
0
11
4
0
4
0
0
0
6
0
0
8
10
0
0
13
0
0
5
5
9
12
6
15
8
16
4
0
14
0
7
10
11
1
2
0
0
13
7
0
0
9
10
2
0
1
6
15
4
8
3
15
10
8
14
13
0
1
2
4
0
0
5
7
12
6
9
12
0
0
8
0
7
11
5
0
0
10
4
16
0
0
1
0
7
0
1
0
0
0
3
14
0
5
16
0
6
0
11
0
15
6
0
16
10
2
1
11
0
8
0
0
13
5
14
16
5
14
11
9
4
6
0
15
1
2
3
8
0
0
0
