0
0
0
0
1
0
2
5
0
0
11
12
13
14
15
0
15
0
0
0
0
3
8
9
2
14
0
0
0
0
12
11
14
0
12
11
6
0
13
16
0
1
0
15
0
0
5
9
0
4
0
16
0
0
14
15
0
0
0
9
1
3
6
8
0
3
0
0
4
0
9
0
0
12
0
11
0
0
16
14
4
0
7
12
11
0
15
10
0
3
16
14
6
0
9
5
8
9
0
13
3
0
0
6
7
0
0
5
0
0
2
4
10
0
0
15
16
0
5
0
9
4
0
0
3
8
7
0
3
5
0
0
8
9
0
13
12
11
0
0
16
0
10
0
6
10
4
8
2
15
11
14
3
16
0
0
0
5
13
1
7
13
0
9
10
6
16
0
1
5
2
0
0
11
14
3
12
16
0
14
5
1
7
0
0
13
15
10
9
6
4
2
5
6
8
1
14
16
0
4
15
9
0
13
2
0
11
0
16
12
0
4
13
7
6
8
0
10
5
3
0
0
1
0
13
14
9
0
15
12
0
11
16
2
4
0
5
0
3
6
0
15
3
7
0
0
0
2
14
6
12
1
4
16
8
13
