13
12
16
0
0
2
3
4
0
6
8
9
10
14
11
15
15
3
11
0
5
0
0
8
4
10
2
14
0
0
13
16
14
0
0
8
9
10
11
0
1
15
0
16
0
2
5
4
10
0
2
4
14
13
15
16
3
0
0
0
0
1
8
7
1
2
3
6
0
0
0
7
0
4
11
10
0
9
15
12
0
0
8
0
0
12
0
9
13
1
0
6
11
0
3
0
9
0
12
11
13
1
0
0
14
3
16
0
4
8
0
0
16
13
0
0
4
3
0
0
8
0
0
2
0
0
1
10
0
7
6
0
0
9
0
0
16
0
0
0
15
13
0
0
5
1
9
12
0
11
0
3
0
13
14
15
0
0
10
0
11
0
15
13
6
5
0
14
0
7
10
8
16
3
9
1
8
14
10
16
15
0
1
0
2
11
9
3
12
6
7
5
0
8
5
0
10
0
13
6
15
2
0
12
0
0
4
9
0
0
0
2
12
15
4
0
9
8
6
13
14
10
16
3
0
0
13
0
3
0
9
0
11
16
1
4
5
0
0
8
0
16
4
0
11
7
0
0
10
14
3
0
0
15
0
13
